Instruction Set
['START']
['MOVE_TO', (0.05, 1.05, 0.1), (0.0, -0.048, -1.664, -0.190, -3.169, -1.253, 0.0)]
['CONNECT']
['MOVE_TO', (1.05, 0.05, 1.1), (0.0, -1.52, -0.770, -0.190, 3.568, -2.070, 0.0)]
['DISCONNECT']
['MOVE_TO', (2.05, 1.05, 1.1), (0.0, -1.097, -1.171, -0.190, -2.075, -1.560, 0.0)]
['CONNECT']
['MOVE_TO', (0.05, 0.05, 1.1), (0.0, -0.786, 0.230, -0.580, -3.527, -2.705, 0.0)]
['DISCONNECT']
['MOVE_TO', (2.05, 1.05, 0.1), (0.0, -1.097, -1.615, -0.190, -0.598, -1.200, 0.0)]
['CONNECT']
['MOVE_TO', (1.05, 1.05, 0.1), (0.0, -0.785, -1.637, -0.190, -1.336, -1.242, 0.0)]
['DISCONNECT']
['MOVE_TO', (2.05, 0.05, 0.1), (0.0, -1.546, -1.620, -0.190, -5.366, -1.214, 0.0)]
['CONNECT']
['MOVE_TO', (0.05, 1.05, 0.1), (0.0, -0.048, -1.664, -0.190, -3.169, -1.253, 0.0)]
['DISCONNECT']
['MOVE_TO', (1.05, 0.05, 1.1), (0.0, -1.523, -0.769, -0.190, 3.568, -2.070, 0.0)]
['CONNECT']
['MOVE_TO', (2.05, 1.05, 0.1), (0.0, -1.097, -1.615, -0.190, -0.598, -1.200, 0.0)]
['DISCONNECT']
['MOVE_TO', (0.05, 0.05, 1.1), (0.0, -0.786, 0.230, -0.580, -3.527, -2.705, 0.0)]
['CONNECT']
['MOVE_TO', (0.05, 1.05, 1.1), (0.0, -0.0476, -0.769, -0.190, -4.074, -2.070, 0.0)]
['DISCONNECT']
['END']
